83
26
15
58
88
58
75
1
55
90
10
92
76
17
4
98
88
23
2
39
95
44
97
47
40
51
5
80
83
5
70
46
21
25
16
4
95
99
26
49
7
8
95
46
90
22
70
47
9
47
42
6
70
3
47
5
99
78
26
81
24
15
13
1
90
95
44
32
44
86
88
55
91
13
21
31
6
100
51
10
19
65
71
78
99
15
10
57
79
35
38
32
75
97
12
32
12
6
66
68
9
25
18
88
61
93
40
32
53
53
85
35
14
41
41
28
44
56
1
60
25
83
65
67
87
99
43
17
21
13
42
60
98
83
24
25
59
67
31
23
82
17
20
70
62
83
31
85
4
37
3
61
36
49
48
22
48
74
49
28
12
65
76
40
25
88
67
33
63
