0                         -70                       0  	
0                         -71                       0  	
0                         -71                       0  	
0                         -74                       0  	
0                         -69                       0  	
0                         -72                       -83  	
0                         -74                       -88  	
0                         -69                       -87  	
-80                       -69                       -86  	
-80                       -72                       -86  	
-80                       -68                       -86  	
-80                       -75                       -86  	
-80                       -68                       -86  	
-80                       -72                       -86  	
-79                       -69                       -86  	
-79                       -69                       -86  	
-88                       -70                       -86  	
-88                       -65                       -86  	
-88                       -71                       -86  	
-88                       -71                       -79  	
-88                       -67                       -79  	
-85                       -69                       -79  	
-85                       -66                       -79  	
-85                       -66                       -79  	
-85                       -66                       -79  	
-85                       -64                       -79  	
-83                       -64                       -79  	
-83                       -64                       -79  	
-83                       -61                       -79  	
-83                       -61                       -79  	
-83                       -65                       -79  	
-83                       -66                       -79  	
-83                       -63                       -79  	
-83                       -61                       -79  	
-83                       -58                       -79  	
-83                       -62                       -79  	
-83                       -65                       -79  	
-83                       -66                       -79  	
-83                       -60                       -79  	
-83                       -59                       -79  	
-81                       -61                       -79  	
-81                       -60                       -76  	
-81                       -63                       -76  	
-85                       -65                       -89  	
-85                       -65                       -89  	
-85                       -65                       -89  	
-85                       -68                       -89  	
-80                       -63                       -89  	
-80                       -63                       -89  	
-77                       -65                       -89  	
-77                       -63                       -89  	
-79                       -69                       -78  	
-79                       -64                       -78  	
-79                       -64                       -78  	
-79                       -64                       -78  	
-79                       -64                       -78  	
-79                       -65                       -78  	
-79                       -67                       -77  	
-79                       -61                       -75  	
-79                       -64                       -80  	
-79                       -71                       -82  	
-79                       -65                       -83  	
-75                       -68                       -83  	
-75                       -68                       -83  	
-77                       -62                       -83  	
-77                       -62                       -83  	
-77                       -67                       -83  	
-77                       -69                       -90  	
-77                       -69                       -85  	
-77                       -62                       -75  	
-77                       -62                       -75  	
-77                       -66                       -72  	
-77                       -65                       -77  	
-77                       -66                       -77  	
-77                       -65                       -73  	
-77                       -61                       -73  	
-77                       -68                       -78  	
-76                       -70                       -78  	
-71                       -65                       -78  	
-74                       -66                       -81  	
-74                       -67                       -74  	
-77                       -69                       -83  	
-70                       -69                       -83  	
-71                       -69                       -83  	
-73                       -68                       -74  	
-73                       -69                       -74  	
-70                       -73                       -74  	
-70                       -68                       -74  	
-70                       -65                       -74  	
-68                       -67                       -74  	
-74                       -72                       -77  	
-74                       -65                       -70  	
-74                       -65                       -72  	
-74                       -65                       -72  	
-74                       -65                       -72  	
-74                       -65                       -76  	
-74                       -65                       -75  	
-74                       -66                       -75  	
-73                       -65                       -74  	
-73                       -65                       -76  	
-73                       -69                       -77  	
-73                       -70                       -78  	
-73                       -70                       -73  	
-73                       -70                       -73  	
-75                       -69                       -77  	
-75                       -73                       -77  	
-75                       -73                       -74  	
-78                       -68                       -74  	
-78                       -71                       -74  	
-72                       -73                       -72  	
-72                       -70                       -71  	
-70                       -70                       -71  	
-65                       -68                       -71  	
-75                       -74                       -76  	
-75                       -70                       -68  	
-78                       -71                       -69  	
-78                       -72                       -74  	
-76                       -70                       -71  	
-76                       -71                       -70  	
-73                       -77                       -71  	
-73                       -74                       -71  	
-71                       -70                       -70  	
-71                       -73                       -70  	
-71                       -73                       -70  	
-71                       -72                       -72  	
-67                       -76                       -72  	
-75                       -72                       -74  	
-71                       -74                       -74  	
-72                       -74                       -74  	
-68                       -74                       -68  	
-68                       -74                       -68  	
-68                       -74                       -62  	
-65                       -69                       -59  	
-76                       -76                       -63  	
-65                       -76                       -61  	
-67                       -76                       -63  	
-62                       -76                       -60  	
-66                       -76                       -62  	
-68                       -79                       -68  	
-69                       -74                       -61  	
-69                       -77                       -58  	
-71                       -79                       -57  	
-67                       -79                       -56  	
-71                       -74                       -56  	
-67                       -81                       -54  	
-70                       -81                       -52  	
-64                       -81                       -52  	
-64                       -81                       -54  	
-66                       -80                       -54  	
-69                       -76                       -54  	
-69                       -79                       -56  	
-66                       -79                       -54  	
-65                       -80                       -54  	
-71                       -78                       -55  	
-68                       -77                       -58  	
-72                       -82                       -64  	
-62                       -80                       -66  	
-65                       -78                       -72  	
-64                       -78                       -66  	
-72                       -84                       -71  	
-63                       -84                       -71  	
-67                       -78                       -70  	
-64                       -74                       -65  	
-68                       -80                       -70  	
-69                       -80                       -68  	
-65                       -80                       -68  	
-65                       -78                       -68  	
-63                       -78                       -69  	
-64                       -80                       -69  	
-64                       -80                       -71  	
-65                       -80                       -68  	
-68                       -77                       -67  	
-66                       -75                       -71  	
-64                       -75                       -68  	
-64                       -78                       -74  	
-63                       -72                       -74  	
-65                       -78                       -68  	
-77                       -78                       -74  	
-58                       -75                       -67  	
-62                       -87                       -76  	
-63                       -76                       -76  	
-67                       -79                       -68  	
