
	1		-64                       -75                       -59  
	2		-66                       -77                       -62  
	3		-66                       -77                       -62  
	4		-65                       -76                       -62  
	5		-67                       -77                       -59  
	6		-70                       -77                       -59  
	7		-57                       -77                       -65  
	8		-60                       -78                       -62  
	9		-65                       -74                       -62  
	10		-61                       -70                       -61  
	11		-63                       -70                       -61  
	12		-63                       -77                       -60  
	13		-73                       -71                       -62  
	14		-63                       -71                       -64  
	15		-65                       -73                       -67  
	16		-70                       -79                       -58  
	17		-64                       -80                       -57  
	18		-68                       -80                       -55  
	19		-66                       -77                       -61  
	20		-67                       -77                       -57  
	21		-70                       -75                       -61  
	22		-69                       -85                       -59  
	23		-67                       -85                       -59  
	24		-60                       -79                       -56  
	25		-63                       -82                       -59  
	26		-62                       -81                       -57  
	27		-61                       -80                       -63  
	28		-63                       -82                       -55  
	29		-64                       -78                       -65  
	30		-64                       -74                       -57  
	31		-64                       -75                       -58  
	32		-66                       -78                       -54  
	33		-65                       -78                       -57  
	34		-65                       -80                       -62  
	35		-65                       -80                       -54  
	36		-72                       -80                       -41  
	37		-65                       -78                       -49  
	38		-66                       -76                       -58  
	39		-70                       -76                       -44  
	40		-70                       -76                       -53  
	41		-70                       -75                       -48  
	42		-69                       -77                       -44  
	43		-69                       -75                       -55  
	44		-65                       -77                       -56  
	45		-83                       -77                       -51  
	46		-63                       -77                       -44  
	47		-71                       -76                       -55  
	48		-66                       -79                       -53  
	49		-65                       -80                       -55  
	50		-65                       -80                       -59  
	51		-75                       -80                       -55  
	52		-82                       -80                       -57  
	53		-70                       -80                       -57  
	54		-70                       -76                       -63  
	55		-75                       -79                       -59  
	56		-75                       -79                       -58  
	57		-66                       -75                       -65  
	58		-66                       -81                       -65  
	59		-66                       -81                       -66  
	60		-71                       -81                       -66  
	61		-71                       -81                       -73  
	62		-71                       -76                       -67  
	63		-71                       -75                       -67  
	64		-71                       -78                       -60  
	65		-71                       -79                       -62  
	66		-71                       -81                       -61  
	67		-72                       -74                       -58  
	68		-72                       -73                       -58  
	69		-72                       -73                       -62  
	70		-72                       -73                       -56  
	71		-72                       -79                       -56  
	72		-80                       -79                       -61  
	73		-71                       -80                       -67  
	74		-71                       -80                       -62  
	75		-71                       -82                       -60  
	76		-73                       -83                       -60  
	77		-70                       -81                       -63  
	78		-74                       -81                       -63  
	79		-70                       -70                       -60  
	80		-72                       -68                       -62  
	81		-73                       -80                       -61  
	82		-73                       -80                       -61  
	83		-77                       -77                       -65  
	84		-70                       -75                       -67  
	85		-72                       -75                       -60  
	86		-75                       -76                       -70  
	87		-71                       -75                       -64  
	88		-69                       -75                       -64  
	89		-71                       -75                       -67  
	90		-69                       -75                       -72  
	91		-68                       -79                       -71  
	92		-73                       -76                       -71  
	93		-69                       -76                       -71  
	94		-71                       -73                       -65  
	95		-71                       -85                       -65  
	96		-70                       -74                       -63  
	97		-68                       -78                       -63  
	98		-70                       -78                       -69  
	99		-70                       -72                       -69  
	100		-73                       -77                       -69  
	101		-68                       -78                       -72  
	102		-73                       -79                       -71  
	103		-73                       -83                       -71  
	104		-73                       -83                       -71  
	105		-70                       -72                       -69  
	106		-70                       -72                       -67  
	107		-70                       -79                       -71  
	108		-70                       -86                       -71  
	109		-70                       -80                       -71  
	110		-70                       -78                       -71  
	111		-72                       -80                       -75  
	112		-72                       -80                       -75  
	113		-72                       -79                       -75  
	114		-72                       -79                       -68  
	115		-72                       -76                       -71  
	116		-72                       -76                       -71  
	117		-72                       -84                       -73  
	118		-80                       -80                       -73  
	119		-80                       -74                       -73  
	120		-78                       -74                       -73  
	121		-74                       -78                       -68  
	122		-74                       -75                       -68  
	123		-76                       -79                       -71  
	124		-76                       -79                       -71  
	125		-76                       -79                       -73  
	126		-76                       -75                       -73  
	127		-76                       -79                       -73  
	128		-77                       -76                       -74  
	129		-77                       -74                       -76  
	130		-77                       -74                       -76  
	131		-79                       -77                       -79  
	132		-72                       -81                       -79  
	133		-77                       -78                       -74  
	134		-77                       -79                       -72  
	135		-78                       -79                       -72  
	136		-79                       -79                       -75  
	137		-73                       -79                       -72  
	138		-74                       -79                       -74  
	139		-77                       -84                       -72  
	140		-78                       -84                       -83  
	141		-78                       -84                       -83  
	142		-78                       -89                       -76  
	143		-78                       -84                       -76  
	144		-78                       -85                       -76  
	145		-82                       -77                       -78  
	146		-82                       -77                       -78  
	147		-82                       -77                       -78  
	148		-82                       -77                       -80  
	149		-87                       -77                       -75  
	150		-87                       -85                       -82  
	151		-81                       -85                       -77  
	152		-81                       -85                       -77  
	153		-81                       -85                       -77  
	154		-81                       -85                       -77  
	155		-89                       -81                       -82  
	156		-89                       -90                       -82  
	157		-82                       -90                       -79  
	158		-82                       -90                       -79  
	159		-82                       -90                       -76  
	160		-82                       -90                       -76  
	161		-81                       -86                       -78  
	162		-79                       -86                       -78  
	163		-79                       -86                       -78  
	164		-79                       -86                       -78  
	165		-79                       -85                       -78  
	166		-81                       -85                       -78  
	167		-82                       -84                       -78  
	168		-79                       -84                       -71  
	169		-79                       -84                       -71  
	170		-82                       -84                       -78  
	171		-82                       -84                       -78  
	172		-82                       -84                       -77  
	173		-82                       -84                       -77  
	174		-82                       -84                       -77  
	175		-82                       -84                       -77  
	176		-82                       -84                       -77  
	177		-82                       -84                       -77  
	178		-82                       -84                       -77  
	179		-82                       -84                       -77  
	180		-84                       -84                       -83  
	181		-84                       -84                       -80  
	182		-84                       -89                       -80  
	183		-84                       -89                       -80  
	184		-84                       -81                       -80  
	185		-84                       -81                       -80  
	186		-84                       -81                       -80  
	187		-84                       -81                       -80  
	188		-84                       -85                       -74  
	189		-84                       -87                       -83  
	190		-84                       -87                       -83  
	191		-84                       -87                       -83  
	192		-84                       -87                       -76  
	193		-84                       -84                       -78  
	194		-84                       -83                       -85  
	195		-84                       -83                       -85  
	196		-80                       -90                       -80  
	197		-80                       -89                       -85  
	198		-80                       -89                       -81  
	199		-80                       -85                       -78  
	200		-80                       -86                       -75  
	201		-80                       -86                       -75  
	202		-80                       -85                       -79  
	203		-90                       -86                       -87  
	204		-90                       -86                       -90  
	205		-90                       -86                       -81  
	206		-90                       -86                       -77  
	207		-90                       -86                       -77  
	208		-90                       -86                       -82  
	209		-90                       -86                       -82  
	210		-90                       -86                       -82  
	211		-90                       -80                       -79  
	212		-90                       -88                       -79  
	213		-90                       -84                       -77  
	214		-90                       -87                       -77  
	215		-90                       -87                       -77  
	216		-90                       -91                       -77  
	217		-90                       -91                       -79  
	218		-91                       -91                       -78  
	219		-91                       -87                       -78  
	220		-91                       -87                       -78  
	221		-91                       -89                       -78  
	222		-91                       -88                       -78  
	223		-91                       -85                       -78  
	224		-91                       -85                       -78  
	225		-91                       -85                       -78  
	226		-91                       -85                       -78  
	227		-91                       -85                       -78  
	228		-91                       -84                       -78  
	229		-91                       -84                       -78  
	230		-91                       -84                       -78  
	231		-91                       -84                       -83  
	232		-86                       -84                       -78  
	233		-86                       -84                       -79  
	234		-86                       -84                       -79  
	235		-86                       -84                       -78  
