
	1		-65                       -78                       -60  
	2		-61                       -72                       -59  
	3		-69                       -73                       -59  
	4		-69                       -73                       -63  
	5		-66                       -73                       -61  
	6		-81                       -79                       -62  
	7		-67                       -79                       -63  
	8		-68                       -81                       -66  
	9		-65                       -81                       -66  
	10		-66                       -81                       -66  
	11		-64                       -68                       -66  
	12		-63                       -77                       -62  
	13		-63                       -77                       -62  
	14		-66                       -80                       -66  
	15		-71                       -80                       -60  
	16		-73                       -80                       -64  
	17		-73                       -82                       -58  
	18		-73                       -85                       -58  
	19		-75                       -88                       -61  
	20		-76                       -80                       -56  
	21		-71                       -80                       -61  
	22		-68                       -80                       -63  
	23		-67                       -80                       -55  
	24		-67                       -80                       -55  
	25		-68                       -80                       -55  
	26		-67                       -80                       -55  
	27		-67                       -80                       -59  
	28		-72                       -80                       -56  
	29		-74                       -80                       -52  
	30		-71                       -80                       -52  
	31		-73                       -77                       -55  
	32		-70                       -77                       -57  
	33		-71                       -77                       -57  
	34		-71                       -77                       -55  
	35		-75                       -83                       -54  
	36		-72                       -83                       -54  
	37		-77                       -78                       -51  
	38		-72                       -85                       -45  
	39		-72                       -83                       -51  
	40		-79                       -79                       -44  
	41		-70                       -79                       -50  
	42		-68                       -79                       -45  
	43		-70                       -79                       -54  
	44		-70                       -79                       -57  
	45		-67                       -79                       -54  
	46		-72                       -87                       -46  
	47		-74                       -87                       -46  
	48		-75                       -87                       -55  
	49		-81                       -87                       -61  
	50		-81                       -75                       -61  
	51		-74                       -80                       -58  
	52		-70                       -80                       -57  
	53		-74                       -80                       -58  
	54		-80                       -82                       -59  
	55		-76                       -82                       -71  
	56		-71                       -80                       -65  
	57		-75                       -80                       -67  
	58		-81                       -80                       -70  
	59		-75                       -80                       -70  
	60		-75                       -80                       -66  
	61		-82                       -80                       -67  
	62		-82                       -80                       -62  
	63		-82                       -80                       -62  
	64		-82                       -80                       -62  
	65		-82                       -80                       -64  
	66		-82                       -80                       -58  
	67		-73                       -79                       -61  
	68		-73                       -74                       -62  
	69		-77                       -84                       -64  
	70		-71                       -74                       -55  
	71		-71                       -79                       -55  
	72		-71                       -79                       -56  
	73		-71                       -79                       -57  
	74		-71                       -79                       -57  
	75		-73                       -79                       -60  
	76		-69                       -79                       -61  
	77		-72                       -79                       -65  
	78		-73                       -75                       -65  
	79		-76                       -80                       -64  
	80		-78                       -80                       -65  
	81		-74                       -69                       -65  
	82		-78                       -87                       -75  
	83		-73                       -82                       -75  
	84		-73                       -82                       -75  
	85		-73                       -78                       -75  
	86		-73                       -75                       -67  
	87		-73                       -77                       -66  
	88		-73                       -75                       -72  
	89		-81                       -75                       -76  
	90		-81                       -75                       -76  
	91		-76                       -75                       -80  
	92		-74                       -78                       -80  
	93		-77                       -76                       -80  
	94		-79                       -76                       -78  
	95		-73                       -73                       -66  
	96		-82                       -75                       -70  
	97		-82                       -75                       -68  
	98		-77                       -75                       -67  
	99		-80                       -78                       -67  
	100		-81                       -78                       -74  
	101		-78                       -77                       -71  
	102		-78                       -77                       -69  
	103		-83                       -79                       -68  
	104		-83                       -85                       -68  
	105		-83                       -83                       -69  
	106		-77                       -88                       -75  
	107		-77                       -80                       -67  
	108		-77                       -78                       -69  
	109		-77                       -77                       -70  
	110		-80                       -77                       -75  
	111		-80                       -77                       -75  
	112		-85                       -77                       -83  
	113		-83                       -83                       -73  
	114		-86                       -83                       -73  
	115		-86                       -77                       -73  
	116		-82                       -77                       -78  
	117		-77                       -82                       -78  
	118		-77                       -85                       -72  
	119		-80                       -85                       -70  
	120		-80                       -78                       -70  
	121		-80                       -76                       -72  
	122		-79                       -84                       -70  
	123		-76                       -84                       -74  
	124		-76                       -82                       -74  
	125		-76                       -82                       -72  
	126		-80                       -75                       -77  
	127		-84                       -80                       -77  
	128		-84                       -80                       -77  
	129		-84                       -80                       -77  
	130		-84                       -79                       -73  
	131		-84                       -79                       -73  
	132		-84                       -79                       -75  
	133		-84                       -79                       -72  
	134		-81                       -77                       -77  
	135		-87                       -76                       -73  
	136		-87                       -79                       -78  
	137		-81                       -82                       -73  
	138		-82                       -83                       -77  
	139		-82                       -83                       -77  
	140		-84                       -83                       -71  
	141		-84                       -83                       -76  
	142		-87                       -80                       -74  
	143		-81                       -80                       -79  
	144		-81                       -85                       -76  
	145		-81                       -85                       -76  
	146		-81                       -85                       -79  
	147		-84                       -85                       -79  
	148		-82                       -79                       -72  
	149		-82                       -79                       -79  
	150		-82                       -79                       -79  
	151		-82                       -80                       -79  
	152		-82                       -74                       -79  
	153		-89                       -77                       -79  
	154		-78                       -77                       -84  
	155		-76                       -82                       -78  
	156		-76                       -85                       -78  
	157		-79                       -85                       -71  
	158		-79                       -81                       -71  
	159		-81                       -76                       -76  
	160		-81                       -72                       -76  
	161		-81                       -85                       -78  
	162		-81                       -85                       -79  
	163		-79                       -85                       -79  
	164		-79                       -77                       -76  
	165		-86                       -81                       -76  
	166		-91                       -81                       -79  
	167		-91                       -85                       -80  
	168		-91                       -77                       -72  
	169		-91                       -84                       -76  
	170		-91                       -83                       -76  
	171		-86                       -89                       -81  
	172		-91                       -83                       -76  
	173		-84                       -83                       -80  
	174		-84                       -83                       -80  
	175		-87                       -83                       -79  
	176		-87                       -83                       -79  
	177		-87                       -80                       -79  
	178		-85                       -83                       -86  
	179		-88                       -85                       -79  
	180		-88                       -82                       -76  
	181		-88                       -88                       -76  
	182		-88                       -88                       -73  
	183		-88                       -88                       -83  
	184		-88                       -88                       -83  
	185		-87                       -86                       -75  
	186		-87                       -82                       -75  
	187		-91                       -82                       -82  
	188		-91                       -82                       -81  
	189		-91                       -82                       -82  
	190		-84                       -82                       -82  
	191		-84                       -82                       -82  
	192		-83                       -82                       -85  
	193		-78                       -82                       -85  
	194		-78                       -82                       -83  
	195		-78                       -84                       -83  
	196		-78                       -83                       -83  
	197		-78                       -83                       -77  
	198		-78                       -83                       -77  
	199		-86                       -83                       -77  
	200		-79                       -83                       -83  
	201		-79                       -83                       -83  
	202		-79                       -83                       -83  
	203		-79                       -83                       -83  
	204		-85                       -87                       -82  
	205		-83                       -87                       -72  
	206		-83                       -87                       -80  
	207		-83                       -85                       -80  
	208		-85                       -78                       -76  
	209		-85                       -78                       -82  
	210		-85                       -78                       -81  
	211		-85                       -78                       -81  
	212		-85                       -78                       -81  
	213		-85                       -86                       -81  
	214		-85                       -86                       -86  
	215		-85                       -88                       -77  
	216		-85                       -88                       -77  
	217		-85                       -88                       -77  
	218		-85                       -88                       -77  
	219		-85                       -88                       -79  
	220		-90                       -88                       -86  
	221		-90                       -84                       -86  
	222		-90                       -84                       -76  
	223		-90                       -84                       -75  
	224		-90                       -84                       -75  
	225		-90                       -84                       -75  
	226		-84                       -84                       -80  
	227		-84                       -83                       -80  
	228		-85                       -83                       -89  
	229		-90                       -83                       -79  
	230		-90                       -83                       -79  
	231		-90                       -83                       -83  
	232		-90                       -83                       -83  
	233		-90                       -83                       -83  
	234		-90                       -86                       -83  
	235		-90                       -86                       -81  
	236		-90                       -86                       -81  
	237		-90                       -86                       -81  
	238		-87                       -83                       -85  
	239		-91                       -83                       -80  
	240		-91                       -83                       -80  
	241		-91                       -91                       -80  
	242		-91                       -91                       -80  
	243		-91                       -90                       -83  
	244		-91                       -90                       -78  
	245		-91                       -83                       -78  
	246		-77                       -83                       -78  
	247		-77                       -83                       -77  
	248		-88                       -83                       -78  
	249		-88                       -83                       -78  
	250		-88                       -83                       -78  
	251		-91                       -89                       -83  
	252		-91                       -89                       -82  
	253		-91                       -89                       -82  
	254		-91                       -89                       -82  
	255		-91                       -89                       -82  
	256		-92                       -89                       -79  
	257		-92                       -87                       -86  
	258		-92                       -87                       -78  
	259		-90                       -88                       -78  
	260		-90                       -89                       -78  
	261		-90                       -84                       -82  
	262		-90                       -86                       -82  
	263		-90                       -86                       -82  
	264		-90                       -86                       -82  
	265		-90                       -86                       -82  
	266		-90                       -82                       -77  
	267		-90                       -82                       -88  
	268		-90                       -82                       -80  
	269		-90                       -82                       -80  
