
	1		0                         -70                       0  
	2		0                         -71                       0  
	3		0                         -71                       0  
	4		0                         -74                       0  
	5		0                         -69                       0  
	6		0                         -72                       -83  
	7		0                         -74                       -88  
	8		0                         -69                       -87  
	9		-80                       -69                       -86  
	10		-80                       -72                       -86  
	11		-80                       -68                       -86  
	12		-80                       -75                       -86  
	13		-80                       -68                       -86  
	14		-80                       -72                       -86  
	15		-79                       -69                       -86  
	16		-79                       -69                       -86  
	17		-88                       -70                       -86  
	18		-88                       -65                       -86  
	19		-88                       -71                       -86  
	20		-88                       -71                       -79  
	21		-88                       -67                       -79  
	22		-85                       -69                       -79  
	23		-85                       -66                       -79  
	24		-85                       -66                       -79  
	25		-85                       -66                       -79  
	26		-85                       -64                       -79  
	27		-83                       -64                       -79  
	28		-83                       -64                       -79  
	29		-83                       -61                       -79  
	30		-83                       -61                       -79  
	31		-83                       -65                       -79  
	32		-83                       -66                       -79  
	33		-83                       -63                       -79  
	34		-83                       -61                       -79  
	35		-83                       -58                       -79  
	36		-83                       -62                       -79  
	37		-83                       -65                       -79  
	38		-83                       -66                       -79  
	39		-83                       -60                       -79  
	40		-83                       -59                       -79  
	41		-81                       -61                       -79  
	42		-81                       -60                       -76  
	43		-81                       -63                       -76  
	44		-85                       -65                       -89  
	45		-85                       -65                       -89  
	46		-85                       -65                       -89  
	47		-85                       -68                       -89  
	48		-80                       -63                       -89  
	49		-80                       -63                       -89  
	50		-77                       -65                       -89  
	51		-77                       -63                       -89  
	52		-79                       -69                       -78  
	53		-79                       -64                       -78  
	54		-79                       -64                       -78  
	55		-79                       -64                       -78  
	56		-79                       -64                       -78  
	57		-79                       -65                       -78  
	58		-79                       -67                       -77  
	59		-79                       -61                       -75  
	60		-79                       -64                       -80  
	61		-79                       -71                       -82  
	62		-79                       -65                       -83  
	63		-75                       -68                       -83  
	64		-75                       -68                       -83  
	65		-77                       -62                       -83  
	66		-77                       -62                       -83  
	67		-77                       -67                       -83  
	68		-77                       -69                       -90  
	69		-77                       -69                       -85  
	70		-77                       -62                       -75  
	71		-77                       -62                       -75  
	72		-77                       -66                       -72  
	73		-77                       -65                       -77  
	74		-77                       -66                       -77  
	75		-77                       -65                       -73  
	76		-77                       -61                       -73  
	77		-77                       -68                       -78  
	78		-76                       -70                       -78  
	79		-71                       -65                       -78  
	80		-74                       -66                       -81  
	81		-74                       -67                       -74  
	82		-77                       -69                       -83  
	83		-70                       -69                       -83  
	84		-71                       -69                       -83  
	85		-73                       -68                       -74  
	86		-73                       -69                       -74  
	87		-70                       -73                       -74  
	88		-70                       -68                       -74  
	89		-70                       -65                       -74  
	90		-68                       -67                       -74  
	91		-74                       -72                       -77  
	92		-74                       -65                       -70  
	93		-74                       -65                       -72  
	94		-74                       -65                       -72  
	95		-74                       -65                       -72  
	96		-74                       -65                       -76  
	97		-74                       -65                       -75  
	98		-74                       -66                       -75  
	99		-73                       -65                       -74  
	100		-73                       -65                       -76  
	101		-73                       -69                       -77  
	102		-73                       -70                       -78  
	103		-73                       -70                       -73  
	104		-73                       -70                       -73  
	105		-75                       -69                       -77  
	106		-75                       -73                       -77  
	107		-75                       -73                       -74  
	108		-78                       -68                       -74  
	109		-78                       -71                       -74  
	110		-72                       -73                       -72  
	111		-72                       -70                       -71  
	112		-70                       -70                       -71  
	113		-65                       -68                       -71  
	114		-75                       -74                       -76  
	115		-75                       -70                       -68  
	116		-78                       -71                       -69  
	117		-78                       -72                       -74  
	118		-76                       -70                       -71  
	119		-76                       -71                       -70  
	120		-73                       -77                       -71  
	121		-73                       -74                       -71  
	122		-71                       -70                       -70  
	123		-71                       -73                       -70  
	124		-71                       -73                       -70  
	125		-71                       -72                       -72  
	126		-67                       -76                       -72  
	127		-75                       -72                       -74  
	128		-71                       -74                       -74  
	129		-72                       -74                       -74  
	130		-68                       -74                       -68  
	131		-68                       -74                       -68  
	132		-68                       -74                       -62  
	133		-65                       -69                       -59  
	134		-76                       -76                       -63  
	135		-65                       -76                       -61  
	136		-67                       -76                       -63  
	137		-62                       -76                       -60  
	138		-66                       -76                       -62  
	139		-68                       -79                       -68  
	140		-69                       -74                       -61  
	141		-69                       -77                       -58  
	142		-71                       -79                       -57  
	143		-67                       -79                       -56  
	144		-71                       -74                       -56  
	145		-67                       -81                       -54  
	146		-70                       -81                       -52  
	147		-64                       -81                       -52  
	148		-64                       -81                       -54  
	149		-66                       -80                       -54  
	150		-69                       -76                       -54  
	151		-69                       -79                       -56  
	152		-66                       -79                       -54  
	153		-65                       -80                       -54  
	154		-71                       -78                       -55  
	155		-68                       -77                       -58  
	156		-72                       -82                       -64  
	157		-62                       -80                       -66  
	158		-65                       -78                       -72  
	159		-64                       -78                       -66  
	160		-72                       -84                       -71  
	161		-63                       -84                       -71  
	162		-67                       -78                       -70  
	163		-64                       -74                       -65  
	164		-68                       -80                       -70  
	165		-69                       -80                       -68  
	166		-65                       -80                       -68  
	167		-65                       -78                       -68  
	168		-63                       -78                       -69  
	169		-64                       -80                       -69  
	170		-64                       -80                       -71  
	171		-65                       -80                       -68  
	172		-68                       -77                       -67  
	173		-66                       -75                       -71  
	174		-64                       -75                       -68  
	175		-64                       -78                       -74  
	176		-63                       -72                       -74  
	177		-65                       -78                       -68  
	178		-77                       -78                       -74  
	179		-58                       -75                       -67  
	180		-62                       -87                       -76  
	181		-63                       -76                       -76  
	182		-67                       -79                       -68  