
	1		0                         0                         0  
	2		0                         0                         0  
	3		0                         0                         -87  
	4		0                         0                         -84  
	5		0                         -88                       -84  
	6		0                         -88                       -84  
	7		0                         -89                       -84  
	8		0                         -89                       -84  
	9		0                         -89                       -86  
	10		0                         -89                       -86  
	11		0                         -89                       -86  
	12		0                         -91                       -82  
	13		0                         -88                       -82  
	14		0                         -88                       -82  
	15		0                         -88                       -85  
	16		0                         -89                       -85  
	17		0                         -89                       -85  
	18		0                         -89                       -85  
	19		0                         -89                       -85  
	20		0                         -91                       -85  
	21		0                         -85                       -86  
	22		0                         -80                       -86  
	23		0                         -80                       -90  
	24		0                         -80                       -83  
	25		0                         -80                       -83  
	26		0                         -80                       -83  
	27		0                         -77                       -83  
	28		0                         -82                       -87  
	29		0                         -85                       -87  
	30		0                         -85                       -87  
	31		-83                       -80                       -77  
	32		-83                       -87                       -80  
	33		-83                       -87                       -75  
	34		-83                       -87                       -75  
	35		-83                       -87                       -75  
	36		-83                       -87                       -75  
	37		-83                       -87                       -77  
	38		-83                       -87                       -77  
	39		-88                       -87                       -77  
	40		-88                       -87                       -77  
	41		-88                       -87                       -77  
	42		-88                       -87                       -76  
	43		-88                       -87                       -76  
	44		-88                       -87                       -77  
	45		-88                       -87                       -79  
	46		-88                       -87                       -82  
	47		-88                       -87                       -84  
	48		-88                       -87                       -81  
	49		-88                       -87                       -81  
	50		-88                       -87                       -81  
	51		-88                       -87                       -90  
	52		-88                       -84                       -80  
	53		-88                       -84                       -84  
	54		-88                       -84                       -84  
	55		-88                       -83                       -83  
	56		-90                       -83                       -85  
	57		-90                       -83                       -85  
	58		-90                       -83                       -79  
	59		-91                       -85                       -76  
	60		-91                       -91                       -76  
	61		-91                       -91                       -89  
	62		-88                       -91                       -85  
	63		-88                       -91                       -84  
	64		-88                       -91                       -84  
	65		-88                       -91                       -84  
	66		-88                       -91                       -77  
	67		-88                       -80                       -88  
	68		-88                       -87                       -84  
	69		-88                       -87                       -84  
	70		-89                       -87                       -80  
	71		-89                       -87                       -80  
	72		-89                       -87                       -78  
	73		-89                       -87                       -79  
	74		-89                       -86                       -79  
	75		-89                       -86                       -79  
	76		-89                       -86                       -82  
	77		-89                       -86                       -82  
	78		-89                       -86                       -82  
	79		-89                       -86                       -82  
	80		-89                       -86                       -82  
	81		-89                       -76                       -85  
	82		-89                       -76                       -85  
	83		-89                       -76                       -85  
	84		-89                       -76                       -74  
	85		-89                       -88                       -74  
	86		-89                       -88                       -74  
	87		-89                       -88                       -74  
	88		-89                       -88                       -74  
	89		-89                       -88                       -80  
	90		-89                       -88                       -80  
	91		-89                       -88                       -80  
	92		-89                       -88                       -80  
	93		-89                       -88                       -85  
	94		-89                       -88                       -85  
	95		-89                       -88                       -85  
	96		-89                       -88                       -85  
	97		-89                       -88                       -85  
	98		-89                       -88                       -85  
	99		-89                       -88                       -85  
	100		-89                       -88                       -85  
	101		-89                       -88                       -88  
	102		-89                       -88                       -88  
	103		-89                       -88                       -88  
	104		-89                       -87                       -88  
	105		-89                       -87                       -88  
	106		-89                       -87                       -87  
	107		-89                       -87                       -87  
	108		-89                       -81                       -87  
	109		-89                       -81                       -87  
	110		-89                       -81                       -87  
	111		-89                       -81                       -87  
	112		-89                       -81                       -87  
	113		-89                       -81                       -87  
	114		-89                       -81                       -86  
	115		-89                       -81                       -80  
	116		-89                       -81                       -78  
	117		-89                       -81                       -87  
	118		-89                       -81                       -87  
	119		-89                       -81                       -87  
	120		-89                       -81                       -87  
	121		-89                       -81                       -87  
	122		-89                       -81                       -87  
	123		-89                       -81                       -87  
	124		-89                       -81                       -84  
	125		-89                       -81                       -83  
	126		-89                       -81                       -83  
	127		-89                       -81                       -83  
	128		-89                       -81                       -83  
	129		-89                       -81                       -83  
	130		-89                       -81                       -83  
	131		-89                       -89                       -88  
	132		-89                       -89                       -88  
	133		-89                       -89                       -93  
	134		-89                       -89                       -93  
	135		-89                       -89                       -93  
	136		-89                       -81                       -89  
	137		-91                       -85                       -86  
	138		-91                       -85                       -86  
	139		-91                       -85                       -86  
	140		-91                       -86                       -86  
	141		-91                       -86                       -86  
	142		-91                       -86                       -86  
	143		-91                       -88                       -86  
	144		-91                       -86                       -86  
	145		-91                       -86                       -88  
	146		-91                       -86                       -87  
	147		-91                       -86                       -87  
	148		-91                       -86                       -87  
	149		-91                       -86                       -87  
	150		-91                       -86                       -87  
	151		-91                       -86                       -87  
	152		-91                       -86                       -90  
	153		-91                       -86                       -90  
	154		-91                       -86                       -87  
	155		-91                       -89                       -87  
	156		-91                       -92                       -87  
	157		-91                       -92                       -89  
	158		-91                       -89                       -88  
	159		-91                       -89                       -88  
	160		-91                       -89                       -88  
	161		-91                       -89                       -86  
	162		-91                       -91                       -86  
	163		-91                       -89                       -90  
	164		-91                       -89                       -90  
	165		-91                       -89                       -90  
	166		-91                       -89                       -90  
	167		-91                       -89                       -90  
	168		-91                       -89                       -90  
	169		-91                       -89                       -90  
	170		-91                       -89                       -89  
	171		-91                       -89                       -89  
	172		-91                       -89                       -89  
	173		-91                       -89                       -89  
	174		-91                       -89                       -89  
	175		-91                       -89                       -89  
	176		-91                       -89                       -91  
	177		-91                       -89                       -91  
	178		-91                       -89                       -91  
	179		-91                       -89                       -91  
	180		-91                       -89                       -91  
	181		-91                       -89                       -91  
	182		-91                       -89                       -91  
	183		-91                       -89                       -91  
	184		-91                       -89                       -91  
	185		-91                       -89                       -91  
	186		-91                       -89                       -91  
	187		-91                       -89                       -91  
	188		-91                       -89                       -91  
	189		-91                       -89                       -91  
	190		-91                       -89                       -91  
	191		-91                       -89                       -91  
	192		-91                       -89                       -91  
	193		-91                       -89                       -91  
	194		-91                       -89                       -91  
	195		-91                       -89                       -91  
	196		-91                       -89                       -91  
	197		-91                       -89                       -91  
	198		-91                       -89                       -91  
	199		-91                       -89                       -91  
	200		-91                       -89                       -91  
	201		-91                       -89                       -91  
	202		-91                       -89                       -91  
	203		-91                       -89                       -91  
	204		-91                       -89                       -91  
	205		-91                       -89                       -91  
	206		-91                       -89                       -91  
	207		-91                       -89                       -91  
	208		-91                       -89                       -91  
	209		-91                       -89                       -91  
	210		-91                       -89                       -91  
	211		-91                       -89                       -91  
	212		-91                       -89                       -91  
	213		-91                       -89                       -91  
	214		-91                       -89                       -91  
	215		-91                       -89                       -91  
	216		-91                       -89                       -91  
	217		-91                       -89                       -91  
	218		-91                       -89                       -91  
	219		-91                       -89                       -91  
	220		-91                       -89                       -91  
	221		-91                       -89                       -91  
	222		-91                       -89                       -91  
	223		-91                       -89                       -91  
	224		-91                       -89                       -91  
	225		-91                       -89                       -91  
	226		-91                       -89                       -91  
	227		-91                       -89                       -91  
	228		-91                       -89                       -91  
	229		-91                       -89                       -91  
	230		-91                       -89                       -91  
	231		-91                       -89                       -91  
	232		-91                       -89                       -91  
	233		-91                       -89                       -91  
	234		-91                       -89                       -91  
	235		-91                       -89                       -91  
